0 0.276448 0.258682 0.369018 0.091719
0 0.700252 0.258237 0.367758 0.092609
0 0.277078 0.368210 0.367758 0.093500
0 0.700882 0.368210 0.366499 0.091719
0 0.276448 0.488869 0.366499 0.110419
0 0.700882 0.489314 0.366499 0.109528
0 0.278338 0.607302 0.367758 0.094390
0 0.700252 0.607747 0.365239 0.093500
0 0.276448 0.704809 0.366499 0.068566
0 0.699622 0.704809 0.369018 0.068566
0 0.277708 0.789849 0.369018 0.067676
0 0.700882 0.788068 0.369018 0.067676
0 0.276448 0.877115 0.369018 0.076581
0 0.699622 0.877115 0.369018 0.076581
